# http://www.us.schott.com/advanced_optics/english/download/schott_optical_glass_catalogue_excel_december_2011.xls
#Name	B1	B2	B3	C1	C2	C3
F2	1.34533359E+00	2.09073176E-01	9.37357162E-01	9.97743871E-03	4.70450767E-02	1.11886764E+02
F2HT	1.34533359E+00	2.09073176E-01	9.37357162E-01	9.97743871E-03	4.70450767E-02	1.11886764E+02
F5	1.31044630E+00	1.96034260E-01	9.66129770E-01	9.58633048E-03	4.57627627E-02	1.15011883E+02
K10	1.15687082E+00	6.42625444E-02	8.72376139E-01	8.09424251E-03	3.86051284E-02	1.04747730E+02
K7	1.12735550E+00	1.24412303E-01	8.27100531E-01	7.20341707E-03	2.69835916E-02	1.00384588E+02
KZFS12	1.55624873E+00	2.39769276E-01	9.47887658E-01	1.02012744E-02	4.69277969E-02	6.98370722E+01
LAFN7	1.66842615E+00	2.98512803E-01	1.07743760E+00	1.03159999E-02	4.69216348E-02	8.25078509E+01
LF5	1.28035628E+00	1.63505973E-01	8.93930112E-01	9.29854416E-03	4.49135769E-02	1.10493685E+02
LLF1	1.21640125E+00	1.33664540E-01	8.83399468E-01	8.57807248E-03	4.20143003E-02	1.07593060E+02
N-BAF10	1.58514950E+00	1.43559385E-01	1.08521269E+00	9.26681282E-03	4.24489805E-02	1.05613573E+02
N-BAF4	1.42056328E+00	1.02721269E-01	1.14380976E+00	9.42015382E-03	5.31087291E-02	1.10278856E+02
N-BAF51	1.51503623E+00	1.53621958E-01	1.15427909E+00	9.42734715E-03	4.30826500E-02	1.24889868E+02
N-BAF52	1.43903433E+00	9.67046052E-02	1.09875818E+00	9.07800128E-03	5.08212080E-02	1.05691856E+02
N-BAK1	1.12365662E+00	3.09276848E-01	8.81511957E-01	6.44742752E-03	2.22284402E-02	1.07297751E+02
N-BAK2	1.01662154E+00	3.19903051E-01	9.37232995E-01	5.92383763E-03	2.03828415E-02	1.13118417E+02
N-BAK4	1.28834642E+00	1.32817724E-01	9.45395373E-01	7.79980626E-03	3.15631177E-02	1.05965875E+02
N-BALF4	1.31004128E+00	1.42038259E-01	9.64929351E-01	7.96596450E-03	3.30672072E-02	1.09197320E+02
N-BALF5	1.28385965E+00	7.19300942E-02	1.05048927E+00	8.25815975E-03	4.41920027E-02	1.07097324E+02
N-BASF2	1.53652081E+00	1.56971102E-01	1.30196815E+00	1.08435729E-02	5.62278762E-02	1.31339700E+02
N-BASF64	1.65554268E+00	1.71319770E-01	1.33664448E+00	1.04485644E-02	4.99394756E-02	1.18961472E+02
N-BK10	8.88308131E-01	3.28964475E-01	9.84610769E-01	5.16900822E-03	1.61190045E-02	9.97575331E+01
N-BK7	1.03961212E+00	2.31792344E-01	1.01046945E+00	6.00069867E-03	2.00179144E-02	1.03560653E+02
N-BK7HT	1.03961212E+00	2.31792344E-01	1.01046945E+00	6.00069867E-03	2.00179144E-02	1.03560653E+02
N-F2	1.39757037E+00	1.59201403E-01	1.26865430E+00	9.95906143E-03	5.46931752E-02	1.19248346E+02
N-FK5	8.44309338E-01	3.44147824E-01	9.10790213E-01	4.75111955E-03	1.49814849E-02	9.78600293E+01
N-FK51A	9.71247817E-01	2.16901417E-01	9.04651666E-01	4.72301995E-03	1.53575612E-02	1.68681330E+02
N-K5	1.08511833E+00	1.99562005E-01	9.30511663E-01	6.61099503E-03	2.41108660E-02	1.11982777E+02
N-KF9	1.19286778E+00	8.93346571E-02	9.20819805E-01	8.39154696E-03	4.04010786E-02	1.12572446E+02
N-KZFS11	1.33222450E+00	2.89241610E-01	1.15161734E+00	8.40298480E-03	3.44239720E-02	8.84310532E+01
N-KZFS2	1.23697554E+00	1.53569376E-01	9.03976272E-01	7.47170505E-03	3.08053556E-02	7.01731084E+01
N-KZFS4	1.35055424E+00	1.97575506E-01	1.09962992E+00	8.76282070E-03	3.71767201E-02	9.03866994E+01
N-KZFS5	1.47460789E+00	1.93584488E-01	1.26589974E+00	9.86143816E-03	4.45477583E-02	1.06436258E+02
N-KZFS8	1.62693651E+00	2.43698760E-01	1.62007141E+00	1.08808630E-02	4.94207753E-02	1.31009163E+02
N-LAF2	1.80984227E+00	1.57295550E-01	1.09300370E+00	1.01711622E-02	4.42431765E-02	1.00687748E+02
N-LAF21	1.87134529E+00	2.50783010E-01	1.22048639E+00	9.33322280E-03	3.45637762E-02	8.32404866E+01
N-LAF33	1.79653417E+00	3.11577903E-01	1.15981863E+00	9.27313493E-03	3.58201181E-02	8.73448712E+01
N-LAF34	1.75836958E+00	3.13537785E-01	1.18925231E+00	8.72810026E-03	2.93020832E-02	8.51780644E+01
N-LAF35	1.51697436E+00	4.55875464E-01	1.07469242E+00	7.50943203E-03	2.60046715E-02	8.05945159E+01
N-LAF36	1.85744228E+00	2.94098729E-01	1.16615417E+00	9.82397191E-03	3.84309138E-02	8.93984634E+01
N-LAF7	1.74028764E+00	2.26710554E-01	1.32525548E+00	1.07925580E-02	5.38626639E-02	1.06268665E+02
N-LAK10	1.72878017E+00	1.69257825E-01	1.19386956E+00	8.86014635E-03	3.63416509E-02	8.29009069E+01
N-LAK12	1.17365704E+00	5.88992398E-01	9.78014394E-01	5.77031797E-03	2.00401678E-02	9.54873482E+01
N-LAK14	1.50781212E+00	3.18866829E-01	1.14287213E+00	7.46098727E-03	2.42024834E-02	8.09565165E+01
N-LAK21	1.22718116E+00	4.20783743E-01	1.01284843E+00	6.02075682E-03	1.96862889E-02	8.84370099E+01
N-LAK22	1.14229781E+00	5.35138441E-01	1.04088385E+00	5.85778594E-03	1.98546147E-02	1.00834017E+02
N-LAK33A	1.44116999E+00	5.71749501E-01	1.16605226E+00	6.80933877E-03	2.22291824E-02	8.09379555E+01
N-LAK33B	1.42288601E+00	5.93661336E-01	1.16135260E+00	6.70283452E-03	2.19416210E-02	8.07407701E+01
N-LAK34	1.26661442E+00	6.65919318E-01	1.12496120E+00	5.89278062E-03	1.97509041E-02	7.88894174E+01
N-LAK7	1.23679889E+00	4.45051837E-01	1.01745888E+00	6.10105538E-03	2.01388334E-02	9.06380380E+01
N-LAK8	1.33183167E+00	5.46623206E-01	1.19084015E+00	6.20023871E-03	2.16465439E-02	8.25827736E+01
N-LAK9	1.46231905E+00	3.44399589E-01	1.15508372E+00	7.24270156E-03	2.43353131E-02	8.54686868E+01
N-LASF31A	1.96485075E+00	4.75231259E-01	1.48360109E+00	9.82060155E-03	3.44713438E-02	1.10739863E+02
N-LASF40	1.98550331E+00	2.74057042E-01	1.28945661E+00	1.09583310E-02	4.74551603E-02	9.69085286E+01
N-LASF41	1.86348331E+00	4.13307255E-01	1.35784815E+00	9.10368219E-03	3.39247268E-02	9.33580595E+01
N-LASF43	1.93502827E+00	2.36629350E-01	1.26291344E+00	1.04001413E-02	4.47505292E-02	8.74375690E+01
N-LASF44	1.78897105E+00	3.86758670E-01	1.30506243E+00	8.72506277E-03	3.08085023E-02	9.27743824E+01
N-LASF45	1.87140198E+00	2.67777879E-01	1.73030008E+00	1.12171920E-02	5.05134972E-02	1.47106505E+02
N-LASF45HT	1.87140198E+00	2.67777879E-01	1.73030008E+00	1.12171920E-02	5.05134972E-02	1.47106505E+02
N-LASF46A	2.16701566E+00	3.19812761E-01	1.66004486E+00	1.23595524E-02	5.60610282E-02	1.07047718E+02
N-LASF46B	2.17988922E+00	3.06495184E-01	1.56882437E+00	1.25805384E-02	5.67191367E-02	1.05316538E+02
N-LASF9	2.00029547E+00	2.98926886E-01	1.80691843E+00	1.21426017E-02	5.38736236E-02	1.56530829E+02
N-LASF9HT	2.00029547E+00	2.98926886E-01	1.80691843E+00	1.21426017E-02	5.38736236E-02	1.56530829E+02
N-PK51	1.15610775E+00	1.53229344E-01	7.85618966E-01	5.85597402E-03	1.94072416E-02	1.40537046E+02
N-PK52A	1.02960700E+00	1.88050600E-01	7.36488165E-01	5.16800155E-03	1.66658798E-02	1.38964129E+02
N-PSK3	8.87272110E-01	4.89592425E-01	1.04865296E+00	4.69824067E-03	1.61818463E-02	1.04374975E+02
N-PSK53A	1.38121836E+00	1.96745645E-01	8.86089205E-01	7.06416337E-03	2.33251345E-02	9.74847345E+01
N-SF1	1.60865158E+00	2.37725916E-01	1.51530653E+00	1.19654879E-02	5.90589722E-02	1.35521676E+02
N-SF10	1.62153902E+00	2.56287842E-01	1.64447552E+00	1.22241457E-02	5.95736775E-02	1.47468793E+02
N-SF11	1.73759695E+00	3.13747346E-01	1.89878101E+00	1.31887070E-02	6.23068142E-02	1.55236290E+02
N-SF14	1.69022361E+00	2.88870052E-01	1.70451870E+00	1.30512113E-02	6.13691880E-02	1.49517689E+02
N-SF15	1.57055634E+00	2.18987094E-01	1.50824017E+00	1.16507014E-02	5.97856897E-02	1.32709339E+02
N-SF2	1.47343127E+00	1.63681849E-01	1.36920899E+00	1.09019098E-02	5.85683687E-02	1.27404933E+02
N-SF4	1.67780282E+00	2.82849893E-01	1.63539276E+00	1.26793450E-02	6.02038419E-02	1.45760496E+02
N-SF5	1.52481889E+00	1.87085527E-01	1.42729015E+00	1.12547560E-02	5.88995392E-02	1.29141675E+02
N-SF57	1.87543831E+00	3.73757490E-01	2.30001797E+00	1.41749518E-02	6.40509927E-02	1.77389795E+02
N-SF57HT	1.87543831E+00	3.73757490E-01	2.30001797E+00	1.41749518E-02	6.40509927E-02	1.77389795E+02
N-SF57HTultra	1.87543831E+00	3.73757490E-01	2.30001797E+00	1.41749518E-02	6.40509927E-02	1.77389795E+02
N-SF6	1.77931763E+00	3.38149866E-01	2.08734474E+00	1.33714182E-02	6.17533621E-02	1.74017590E+02
N-SF66	2.02459760E+00	4.70187196E-01	2.59970433E+00	1.47053225E-02	6.92998276E-02	1.61817601E+02
N-SF6HT	1.77931763E+00	3.38149866E-01	2.08734474E+00	1.33714182E-02	6.17533621E-02	1.74017590E+02
N-SF6HTultra	1.77931763E+00	3.38149866E-01	2.08734474E+00	1.33714182E-02	6.17533621E-02	1.74017590E+02
N-SF8	1.55075812E+00	2.09816918E-01	1.46205491E+00	1.14338344E-02	5.82725652E-02	1.33241650E+02
N-SK11	1.17963631E+00	2.29817295E-01	9.35789652E-01	6.80282081E-03	2.19737205E-02	1.01513232E+02
N-SK14	9.36155374E-01	5.94052018E-01	1.04374583E+00	4.61716525E-03	1.68859270E-02	1.03736265E+02
N-SK16	1.34317774E+00	2.41144399E-01	9.94317969E-01	7.04687339E-03	2.29005000E-02	9.27508526E+01
N-SK2	1.28189012E+00	2.57738258E-01	9.68186040E-01	7.27191640E-03	2.42823527E-02	1.10377773E+02
N-SK2HT	1.28189012E+00	2.57738258E-01	9.68186040E-01	7.27191640E-03	2.42823527E-02	1.10377773E+02
N-SK4	1.32993741E+00	2.28542996E-01	9.88465211E-01	7.16874107E-03	2.46455892E-02	1.00886364E+02
N-SK5	9.91463823E-01	4.95982121E-01	9.87393925E-01	5.22730467E-03	1.72733646E-02	9.83594579E+01
N-SSK2	1.43060270E+00	1.53150554E-01	1.01390904E+00	8.23982975E-03	3.33736841E-02	1.06870822E+02
N-SSK5	1.59222659E+00	1.03520774E-01	1.05174016E+00	9.20284626E-03	4.23530072E-02	1.06927374E+02
N-SSK8	1.44857867E+00	1.17965926E-01	1.06937528E+00	8.69310149E-03	4.21566593E-02	1.11300666E+02
N-ZK7	1.07715032E+00	1.68079109E-01	8.51889892E-01	6.76601657E-03	2.30642817E-02	8.90498778E+01
P-LAF37	1.76003244E+00	2.48286745E-01	1.15935122E+00	9.38006396E-03	3.60537464E-02	8.64324693E+01
P-LAK35	1.39324260E+00	4.18882766E-01	1.04380700E+00	7.15959695E-03	2.33637446E-02	8.83284426E+01
P-LASF47	1.85543101E+00	3.15854649E-01	1.28561839E+00	1.00328203E-02	3.87095168E-02	9.45421507E+01
P-LASF50	1.84910553E+00	3.29828674E-01	1.30400901E+00	9.99234757E-03	3.87437988E-02	9.58967681E+01
P-LASF51	1.84568806E+00	3.39001600E-01	1.32418921E+00	9.88495571E-03	3.78097402E-02	9.78415430E+01
P-PK53	9.60316767E-01	3.40437227E-01	7.77865595E-01	5.31032986E-03	1.75073434E-02	1.06875330E+02
P-SF67	1.97464225E+00	4.67095921E-01	2.43154209E+00	1.45772324E-02	6.69790359E-02	1.57444895E+02
P-SF68	2.33300670E+00	4.52961396E-01	1.25172339E+00	1.68838419E-02	7.16086325E-02	1.18707479E+02
P-SF69	1.62594647E+00	2.35927609E-01	1.67434623E+00	1.21696677E-02	6.00710405E-02	1.45651908E+02
P-SF8	1.55370411E+00	2.06332561E-01	1.39708831E+00	1.16582670E-02	5.82087757E-02	1.30748028E+02
P-SK57	1.31053414E+00	1.69376189E-01	1.10987714E+00	7.40877235E-03	2.54563489E-02	1.07751087E+02
P-SK58A	1.31678410E+00	1.71154756E-01	1.12501473E+00	7.20717498E-03	2.45659595E-02	1.02739728E+02
P-SK60	1.40790442E+00	1.43381417E-01	1.16513947E+00	7.84382378E-03	2.87769365E-02	1.05373397E+02
SF1	1.55912923E+00	2.84246288E-01	9.68842926E-01	1.21481001E-02	5.34549042E-02	1.12174809E+02
SF10	1.61625977E+00	2.59229334E-01	1.07762317E+00	1.27534559E-02	5.81983954E-02	1.16607680E+02
SF2	1.40301821E+00	2.31767504E-01	9.39056586E-01	1.05795466E-02	4.93226978E-02	1.12405955E+02
SF4	1.61957826E+00	3.39493189E-01	1.02566931E+00	1.25502104E-02	5.44559822E-02	1.17652222E+02
SF5	1.46141885E+00	2.47713019E-01	9.49995832E-01	1.11826126E-02	5.08594669E-02	1.12041888E+02
SF56A	1.70579259E+00	3.44223052E-01	1.09601828E+00	1.33874699E-02	5.79561608E-02	1.21616024E+02
SF57	1.81651371E+00	4.28893641E-01	1.07186278E+00	1.43704198E-02	5.92801172E-02	1.21419942E+02
SF6	1.72448482E+00	3.90104889E-01	1.04572858E+00	1.34871947E-02	5.69318095E-02	1.18557185E+02
SF6HT	1.72448482E+00	3.90104889E-01	1.04572858E+00	1.34871947E-02	5.69318095E-02	1.18557185E+02
SF57HTultra	1.81651371E+00	4.28893641E-01	1.07186278E+00	1.43704198E-02	5.92801172E-02	1.21419942E+02
P-BK7	1.18318503E+00	8.71756426E-02	1.03133701E+00	7.22141956E-03	2.68216805E-02	1.01702362E+02
P-SK57Q1	1.30536483E+00	1.71434328E-01	1.10117219E+00	7.36408831E-03	2.55786047E-02	1.06726060E+02
SF11	1.73848403E+00	3.11168974E-01	1.17490871E+00	1.36068604E-02	6.15960463E-02	1.21922711E+02
